#this file is not for simulation. it contains the same tests as the file that ends with "rel5" for the fp8 dpu.
#in this file the 10th column contains the fp8 formatted value that was spat out of the actual fp8 dpu.


43 43 43 43 00 00 00 00 43
43 43 43 43 01 01 01 01 43 
43 43 43 43 02 02 02 02 43 
43 43 43 43 03 03 03 03 43 
43 43 43 43 04 04 04 04 43 
43 43 43 43 05 05 05 05 43 
43 43 43 43 06 06 06 06 43 
43 43 43 43 07 07 07 07 43 
43 43 43 43 08 08 08 08 43 
43 43 43 43 09 09 09 09 43 
43 43 43 43 0A 0A 0A 0A 43 
43 43 43 43 0B 0B 0B 0B 43 
43 43 43 43 0C 0C 0C 0C 43 
43 43 43 43 0D 0D 0D 0D 43 
43 43 43 43 0E 0E 0E 0E 43 
43 43 43 43 0F 0F 0F 0F 43 
43 43 43 43 10 10 10 10 43 
43 43 43 43 11 11 11 11 43 
43 43 43 43 12 12 12 12 43 
43 43 43 43 13 13 13 13 43 
43 43 43 43 14 14 14 14 43 
43 43 43 43 15 15 15 15 43 
43 43 43 43 16 16 16 16 43 
43 43 43 43 17 17 17 17 43 
43 43 43 43 18 18 18 18 43 
43 43 43 43 19 19 19 19 43 
43 43 43 43 1A 1A 1A 1A 43 
43 43 43 43 1B 1B 1B 1B 43 
43 43 43 43 1C 1C 1C 1C 43 
43 43 43 43 1D 1D 1D 1D 43 
43 43 43 43 1E 1E 1E 1E 43 
43 43 43 43 1F 1F 1F 1F 43 
43 43 43 43 20 20 20 20 43 
43 43 43 43 21 21 21 21 43 
43 43 43 43 22 22 22 22 43 
43 43 43 43 23 23 23 23 43 
43 43 43 43 24 24 24 24 43 
43 43 43 43 25 25 25 25 43 
43 43 43 43 26 26 26 26 43 
43 43 43 43 27 27 27 27 43 
43 43 43 43 28 28 28 28 43 
43 43 43 43 29 29 29 29 43 
43 43 43 43 2A 2A 2A 2A 43 
43 43 43 43 2B 2B 2B 2B 43 
43 43 43 43 2C 2C 2C 2C 43 
43 43 43 43 2D 2D 2D 2D 43 
43 43 43 43 2E 2E 2E 2E 43 
43 43 43 43 2F 2F 2F 2F 43 
43 43 43 43 30 30 30 30 43 
43 43 43 43 31 31 31 31 43 
43 43 43 43 32 32 32 32 43 
43 43 43 43 33 33 33 33 43 
43 43 43 43 34 34 34 34 43 
43 43 43 43 35 35 35 35 43 
43 43 43 43 36 36 36 36 43 
43 43 43 43 37 37 37 37 43 
43 43 43 43 38 38 38 38 43 
43 43 43 43 39 39 39 39 43 
43 43 43 43 3A 3A 3A 3A 43 
43 43 43 43 3B 3B 3B 3B 43 
43 43 43 43 3C 3C 3C 3C 43 
43 43 43 43 3D 3D 3D 3D 43 
43 43 43 43 3E 3E 3E 3E 43 
43 43 43 43 3F 3F 3F 3F 43 
43 43 43 43 40 40 40 40 43 
43 43 43 43 41 41 41 41 43 
43 43 43 43 42 42 42 42 43
43 43 43 43 43 43 43 43 43 
43 43 43 43 44 44 44 44 43 
43 43 43 43 45 45 45 45 43 
43 43 43 43 46 46 46 46 43 
43 43 43 43 47 47 47 47 43 
43 43 43 43 48 48 48 48 43 
43 43 43 43 49 49 49 49 43 
43 43 43 43 4A 4A 4A 4A 43 
43 43 43 43 4B 4B 4B 4B 43 
43 43 43 43 4C 4C 4C 4C 43 
43 43 43 43 4D 4D 4D 4D 43 
43 43 43 43 4E 4E 4E 4E 43 
43 43 43 43 4F 4F 4F 4F 43 
43 43 43 43 50 50 50 50 43 
43 43 43 43 51 51 51 51 43 
43 43 43 43 52 52 52 52 43 
43 43 43 43 53 53 53 53 43 
43 43 43 43 54 54 54 54 43 
43 43 43 43 55 55 55 55 43 
43 43 43 43 56 56 56 56 43 
43 43 43 43 57 57 57 57 43 
43 43 43 43 58 58 58 58 43 
43 43 43 43 59 59 59 59 43 
43 43 43 43 5A 5A 5A 5A 43 
43 43 43 43 5B 5B 5B 5B 43 
43 43 43 43 5C 5C 5C 5C 43 
43 43 43 43 5D 5D 5D 5D 43 
43 43 43 43 5E 5E 5E 5E 43 
43 43 43 43 5F 5F 5F 5F 43 
43 43 43 43 60 60 60 60 43 
43 43 43 43 61 61 61 61 43 
43 43 43 43 62 62 62 62 43 
43 43 43 43 63 63 63 63 43 
43 43 43 43 64 64 64 64 43 
43 43 43 43 65 65 65 65 43 
43 43 43 43 66 66 66 66 43 
43 43 43 43 67 67 67 67 43 F8
43 43 43 43 68 68 68 68 43 F8
43 43 43 43 69 69 69 69 43 F8
43 43 43 43 6A 6A 6A 6A 43 F8
43 43 43 43 6B 6B 6B 6B 43 F8
43 43 43 43 6C 6C 6C 6C 43 F8
43 43 43 43 6D 6D 6D 6D 43 F8
43 43 43 43 6E 6E 6E 6E 43 F8
43 43 43 43 6F 6F 6F 6F 43 F8
43 43 43 43 70 70 70 70 43 F8
43 43 43 43 71 71 71 71 43 F8
43 43 43 43 72 72 72 72 43 F8
43 43 43 43 73 73 73 73 43 F8
43 43 43 43 74 74 74 74 43 F8
43 43 43 43 75 75 75 75 43 F8
43 43 43 43 76 76 76 76 43 F8
43 43 43 43 77 77 77 77 43 F8
43 43 43 43 78 78 78 78 43 FF
43 43 43 43 79 79 79 79 43 FF
43 43 43 43 7A 7A 7A 7A 43 FF
43 43 43 43 7B 7B 7B 7B 43 FF
43 43 43 43 7C 7C 7C 7C 43 FF
43 43 43 43 7D 7D 7D 7D 43 FF
43 43 43 43 7E 7E 7E 7E 43 FF
43 43 43 43 7F 7F 7F 7F 43 FF
43 43 43 43 80 80 80 80 43 43
43 43 43 43 81 81 81 81 43 43
43 43 43 43 82 82 82 82 43 43
43 43 43 43 83 83 83 83 43 43
43 43 43 43 84 84 84 84 43 43
43 43 43 43 85 85 85 85 43 43
43 43 43 43 86 86 86 86 43 42
43 43 43 43 87 87 87 87 43 42
43 43 43 43 88 88 88 88 43 42
43 43 43 43 89 89 89 89 43 42
43 43 43 43 8A 8A 8A 8A 43 42
43 43 43 43 8B 8B 8B 8B 43 42
43 43 43 43 8C 8C 8C 8C 43 42
43 43 43 43 8D 8D 8D 8D 43 42
43 43 43 43 8E 8E 8E 8E 43 42
43 43 43 43 8F 8F 8F 8F 43 42
43 43 43 43 90 90 90 90 43 42
43 43 43 43 91 91 91 91 43 41
43 43 43 43 92 92 92 92 43 41
43 43 43 43 93 93 93 93 43 41
43 43 43 43 94 94 94 94 43 41
43 43 43 43 95 95 95 95 43 41
43 43 43 43 96 96 96 96 43 41
43 43 43 43 97 97 97 97 43 40
43 43 43 43 98 98 98 98 43 40
43 43 43 43 99 99 99 99 43 3F
43 43 43 43 9A 9A 9A 9A 43 3F
43 43 43 43 9B 9B 9B 9B 43 3E
43 43 43 43 9C 9C 9C 9C 43 3E
43 43 43 43 9D 9D 9D 9D 43 3D
43 43 43 43 9E 9E 9E 9E 43 3C
43 43 43 43 9F 9F 9F 9F 43 3C
43 43 43 43 A0 A0 A0 A0 43 3B
43 43 43 43 A1 A1 A1 A1 43 3A
43 43 43 43 A2 A2 A2 A2 43 38
43 43 43 43 A3 A3 A3 A3 43 36
43 43 43 43 A4 A4 A4 A4 43 33
43 43 43 43 A5 A5 A5 A5 43 30
43 43 43 43 A6 A6 A6 A6 43 2B
43 43 43 43 A7 A7 A7 A7 43 23
43 43 43 43 A8 A8 A8 A8 43 00
43 43 43 43 A9 A9 A9 A9 43 AB
43 43 43 43 AA AA AA AA 43 B3
43 43 43 43 AB AB AB AB 43 B8
43 43 43 43 AC AC AC AC 43 BB
43 43 43 43 AD AD AD AD 43 BE
43 43 43 43 AE AE AE AE 43 C0
43 43 43 43 AF AF AF AF 43 C2
43 43 43 43 B0 B0 B0 B0 43 C3
43 43 43 43 B1 B1 B1 B1 43 C6
43 43 43 43 B2 B2 B2 B2 43 C8
43 43 43 43 B3 B3 B3 B3 43 CA
43 43 43 43 B4 B4 B4 B4 43 CB
43 43 43 43 B5 B5 B5 B5 43 
43 43 43 43 B6 B6 B6 B6 43 
43 43 43 43 B7 B7 B7 B7 43 
43 43 43 43 B8 B8 B8 B8 43 
43 43 43 43 B9 B9 B9 B9 43 
43 43 43 43 BA BA BA BA 43 
43 43 43 43 BB BB BB BB 43 
43 43 43 43 BC BC BC BC 43 
43 43 43 43 BD BD BD BD 43 
43 43 43 43 BE BE BE BE 43 
43 43 43 43 BF BF BF BF 43 
43 43 43 43 C0 C0 C0 C0 43 
43 43 43 43 C1 C1 C1 C1 43 
43 43 43 43 C2 C2 C2 C2 43 
43 43 43 43 C3 C3 C3 C3 43 
43 43 43 43 C4 C4 C4 C4 43 
43 43 43 43 C5 C5 C5 C5 43 
43 43 43 43 C6 C6 C6 C6 43 
43 43 43 43 C7 C7 C7 C7 43 
43 43 43 43 C8 C8 C8 C8 43 
43 43 43 43 C9 C9 C9 C9 43 
43 43 43 43 CA CA CA CA 43 
43 43 43 43 CB CB CB CB 43 
43 43 43 43 CC CC CC CC 43 
43 43 43 43 CD CD CD CD 43 
43 43 43 43 CE CE CE CE 43 
43 43 43 43 CF CF CF CF 43 
43 43 43 43 D0 D0 D0 D0 43 
43 43 43 43 D1 D1 D1 D1 43 
43 43 43 43 D2 D2 D2 D2 43 
43 43 43 43 D3 D3 D3 D3 43 
43 43 43 43 D4 D4 D4 D4 43 
43 43 43 43 D5 D5 D5 D5 43 
43 43 43 43 D6 D6 D6 D6 43 
43 43 43 43 D7 D7 D7 D7 43 
43 43 43 43 D8 D8 D8 D8 43 
43 43 43 43 D9 D9 D9 D9 43 
43 43 43 43 DA DA DA DA 43 
43 43 43 43 DB DB DB DB 43 
43 43 43 43 DC DC DC DC 43 
43 43 43 43 DD DD DD DD 43 
43 43 43 43 DE DE DE DE 43 
43 43 43 43 DF DF DF DF 43 
43 43 43 43 E0 E0 E0 E0 43 
43 43 43 43 E1 E1 E1 E1 43 
43 43 43 43 E2 E2 E2 E2 43 
43 43 43 43 E3 E3 E3 E3 43 
43 43 43 43 E4 E4 E4 E4 43 
43 43 43 43 E5 E5 E5 E5 43 
43 43 43 43 E6 E6 E6 E6 43 
43 43 43 43 E7 E7 E7 E7 43 
43 43 43 43 E8 E8 E8 E8 43 
43 43 43 43 E9 E9 E9 E9 43 
43 43 43 43 EA EA EA EA 43 
43 43 43 43 EB EB EB EB 43 
43 43 43 43 EC EC EC EC 43 
43 43 43 43 ED ED ED ED 43 
43 43 43 43 EE EE EE EE 43 
43 43 43 43 EF EF EF EF 43 
43 43 43 43 F0 F0 F0 F0 43 
43 43 43 43 F1 F1 F1 F1 43 
43 43 43 43 F2 F2 F2 F2 43 
43 43 43 43 F3 F3 F3 F3 43 
43 43 43 43 F4 F4 F4 F4 43 
43 43 43 43 F5 F5 F5 F5 43 
43 43 43 43 F6 F6 F6 F6 43 
43 43 43 43 F7 F7 F7 F7 43 
43 43 43 43 F8 F8 F8 F8 43 
43 43 43 43 F9 F9 F9 F9 43 
43 43 43 43 FA FA FA FA 43 
43 43 43 43 FB FB FB FB 43 
43 43 43 43 FC FC FC FC 43 
43 43 43 43 FD FD FD FD 43 
43 43 43 43 FE FE FE FE 43 
43 43 43 43 FF FF FF FF 43 
